6721116
3416894
3773677
4332580
8533682
4166010
3343870
7555659
9894806
8289390
1690835
9832678
9546268
8736924
6956700
4440257
2622738
4248401
6747775
1952846
5771652
7844097
3320750
1918476
3489051
5911456
7396668
2625042
6069736
5026024
4857887
2591341
2227050
2609371
1633394
2010893
3439764
5123272
1761095
7430703
6585328
9332635
7412179
8367246
6209336
5104791
7459315
4319181
3218756
6956338
6156850
3637491
5246230
5181249
8448546
9625144
2362121
5167377
7711705
5057495
1634982
5961400
3178599
8197144
5666165
8445189
9927491
5643616
6076472
9462050
3970133
8300494
1331376
1899728
5574193
2885502
8337918
1751323
5003753
5036226
1137154
7387836
1644262
9630240
3089616
4188691
2944732
3922461
9290362
7521330
7277712
8167983
4812225
6668963
4437334
9611359
1159336
5838232
4812860
2153472
8436460
8900461
8442552
5912917
8057304
6992301
8137455
1782929
4636757
5062562
2319838
8668168
6939882
7314223
7688090
5897242
7311380
9761451
5668264
9714152
5796513
1674616
8191435
5436482
2883044
8545899
5763936
9532353
7173646
9384856
2428240
7127215
7463951
4702295
5259104
8874072
8823682
3756362
5672368
4514145
6267575
5447547
6159852
9549944
1507191
4588094
4035182
2407285
9013140
3129960
9074341
6297945
4067095
9075856
1550233
6580845
4865809
9506359
6956001
3266457
2941856
5627432
8054818
2500574
7896786
8475973
8620701
4917723
1662014
4962252
2086137
7385585
1267414
5962319
7378011
9953377
9255666
7622309
1453351
2964102
9102254
6730399
4578040
1251105
1957363
4603489
8824437
5352537
8308485
7648339
9447490
8736467
7963972
4377354
2555520
5941153
5176839
2854431
6385943
7083756
7591104
8852746
6934501
9950780
7679188
2444181
7840665
3155548
3133599
6788184
7535856
2706901
8972727
6657100
2887719
6948771
4388816
7830526
6490144
8726738
3533248
9054384
2767912
4539077
6039707
3431239
7756437
7622764
2978331
7196415
8953789
2162873
7830636
6666285
2865904
1772153
7533383
8608776
7607337
7300413
3339308
2378658
9217639
7208181
7084048
1286989
2084772
1953918
2133855
4024314
3481082
6943276
8746208
4403497
8234251
4832151
7420762
5199303
7817851
3433602
3083958
8759960
3770300
5867804
1149386
6589770
9248168
7369226
9781760
3986123
9997760
9953381
8524665
2837635
6886445
2673264
2398046
2132596
2555370
3062743
1759819
5629965
1866861
2099443
4153295
2167984
5351558
7491961
4489797
3574076
7631669
3994120
1492053
2383316
6365270
7620091
8711475
6184121
2714302
2013490
7511881
2173212
3431890
3269868
8305588
6344269
9875368
5961265
9853860
5053079
2768085
6980521
4827077
8047881
4336859
4951450
3294299
6266649
7918303
5918550
7374761
7211301
3725365
4371048
4807975
1627751
4386047
2833653
2711710
6405524
4676764
1726010
2653361
6513724
4248035
6146038
6623283
6064450
8874645
4982626
5714140
9564023
5234409
4606708
2016269
2872324
3980990
8524422
6635933
5680162
7051745
8538205
3027258
3436579
1659565
6845297
1215396
5104419
6460320
4372562
6982646
7016634
3478928
3660629
2484877
7368386
5138436
2552013
5298887
9291458
9430806
1973425
1505679
4610020
6053200
2259619
7346112
8491952
6373918
8204399
4177243
6107581
8296509
9196926
8118786
8268537
5373583
8253474
1920272
5267246
3008953
7941923
1267623
7155342
5515541
8217734
8757534
1154328
8895932
5887811
6329199
9851408
8167909
1561553
5563381
9624261
7969872
4558868
9250030
9364454
8607638
5905472
6556299
4287612
1591594
4449076
4285148
4033727
2526434
4913367
4132058
4906194
5139455
5694265
5825304
1889290
5966336
3521957
9613429
3160476
9704728
3408946
2067641
8498129
4521735
1181292
9737697
4848794
5544527
7515213
8290455
7811537
4318070
9706864
2167627
2935812
2634839
2655945
4022806
1657366
6875100
9897591
8969723
3292049
5971742
9971316
2601743
4156559
7263805
3333201
4186716
6823706
2023863
5584705
1366790
9120481
4058176
7421552
2388703
3328867
9584582
1674597
9305093
4253373
4390806
5858262
7627732
2927572
7918804
5340513
4231602
3874030
2114331
9408785
4359368
9452138
9154090
8386774
1459031
3803038
6504269
8675531
8502460
4084762
3502169
5498961
4593180
9854913
7709058
1988131
4392353
8210287
9380380
8289162
6356669
5718748
7862437
7467672
2314280
9149905
8861179
4466035
3824045
1474024
7257777
2684947
9847622
4473087
4645612
8732137
2402523
7198553
5703705
8084290
6930963
2914083
6840053
5599845
3325200
2716652
3472687
1853766
1271844
6920427
9215220
1588780
7958195
1640208
3469045
6362993
3648882
2593098
2917738
6453257
8017774
1136562
4495855
8035621
6698390
2909869
7844121
9989321
2889816
7553135
7705416
8716464
6355218
2220678
9890353
7471009
7812045
8991232
7013759
9689594
9890276
9246497
8491498
9636157
8586057
3993054
9192537
6141338
8675530
5432876
2932836
9344457
6301115
4181700
1353977
8207037
1668782
1457840
6451032
9773720
4367188
4873577
6685516
5877239
1561474
9199857
5749743
7423269
2905486
5410921
5416726
4391237
7320299
9288698
8608237
5039674
1787474
4195325
2114513
6639623
9693710
8038897
4032359
6758342
2456572
4866911
1563862
9223963
9726650
3160904
2113723
1480787
8368107
7340607
6074637
1945847
4665251
4323602
8084210
2640882
1606706
8850281
6444422
2560362
7239711
8713610
7543769
5782356
6634534
1665395
1801033
6676496
5338244
6384303
5651192
6332284
2301370
4220619
6565403
9970119
6355460
9641796
8064246
7758779
4389861
7571488
5979559
9575488
3345701
8734441
1571511
4334840
9959905
6323342
9506217
9152431
9028454
6339165
1945788
5604154
2787353
3887952
5166403
2019942
4249087
2320866
7777201
2100101
8090843
2469471
7430846
5186746
5754769
7745767
1973642
6078986
7632572
4044419
7646890
7766659
7118774
4778508
1770966
1154915
3740516
3390914
6015749
1278570
9818776
1720393
5684291
2695058
3288753
1145847
5183611
9269204
5523554
9353405
8514302
6017353
6219790
2324117
1931954
7494493
6479027
2742674
1719135
1338757
3339375
7079203
8990338
2525703
1969363
4850550
7618457
1261697
5464301
5536298
9601542
5785892
7766156
8545176
9547810
2172513
1322124
8203476
3607131
5274856
2633975
6434678
5276715
3772039
9047443
7416628
6743575
2280807
8147830
1621216
2122762
4099303
5517861
2107320
3304434
6438853
5433117
7965503
7101386
6362873
8868867
8861619
5125803
2120703
3566020
7687797
8311152
3246201
2857277
8164697
6617002
5780453
5184465
5019302
7192277
6241332
6999893
4266373
1567705
7291483
8911461
7020995
8293398
3525611
8970035
3468613
8866591
1893578
6414536
8159304
4296282
1695022
4734659
2190183
1722072
5253982
6864302
3823721
4530270
8075554
8407237
2203375
2209372
5511187
4349707
2456559
7030106
2786228
9639085
5718627
1713504
1505057
5319062
9489761
7497153
6304211
6076730
1735382
9691735
4161356
2067775
2193992
9551343
3749167
7512741
9475998
5467907
1573038
4953984
9793059
2037589
6260846
9539594
3478810
5124967
1163958
8308362
7630973
3811644
3712462
7251430
7662072
7941619
4307870
2281001
5105586
7160354
1628712
3027797
1891479
6236454
8127317
5689124
1191900
9696258
3995332
3290303
2243453
8692459
8688952
4575515
3584378
3150098
3784411
5625234
3928422
4688855
8695145
7488290
5479865
8583339
4795478
5922972
8061488
7382863
1688112
1243718
6280796
8053469
4003621
4667253
2097737
8388387
8567627
4629335
5927162
1628024
7103357
4051469
2989057
3801774
7123412
2669274
8145211
7494676
4773495
5360731
4622601
9871946
5219552
3437906
4616530
1443533
8691970
7108321
9862651
8816540
8008985
7411142
7980363
4539472
6387802
5341520
7017924
5323370
2185641
7161496
6361538
2843266
2253173
5311958
4552519
3201709
6857742
8567584
7342983
3132518
3628913
5540651
2056184
3421914
6292569
8697791
6264543
6402687
7009126
2617684
6185451
4634542
2141898
9505032
1447280
1745125
7286762
2602083
9010793
8313609
1323620
4168608
8261736
2581082
2898596
3953774
4910577
7705916
4970488
5088169
6500494
9822801
1430634
2491163
8448209
7675786
5342806
7285734
3631165
9605162
6413358
1763719
5750551
7542588
6280201
3538360
3322817
4414089
5216915
4970863
3873449
3174930
3536664
4212697
9296208
5980423
5383785
4400044
1123262
5558633
2219473
1939655
5663564
2991269
6172463
5757359
4528376
3176282
4415770
7017450
8921664
1315674
8778529
6339171
3331750
8442074
4715230
1903411
6555526
5240678
3152543
6440922
7716929
2099464
3904390
5673749
2869917
9392609
4426675
2645681
2377547
8470481
5540510
5220280
2703985
6081369
8471960
5247221
1854853
9514989
6978064
3879663
8013114
9553782
8299225
7142961
3722148
6297051
5267648
7100611
7579646
9270860
9732291
5839472
4756019
2759694
3104381
2391407
7040651
9837327
3038014
1408045
7805557
8647687
5385945
6629568
2450869
4871537
9227893
2494017
6429395
3473713
7244970
2831980
9856363
7733031
1486482
6989161
8538104
2971215
6676477
7453768
9697790
6213407
9184279
3689039
9579721
9816514
2136645
2559876
7822454
5151280
8896428
7290653
8329113
8835727
3227241
5333717
5385740
6347792
1227554
5732062
2381827
4928135
7047831
2131833
3568908
5709866
6544730
7868499
9108196
8659817
7765154
3893820
6135174
8413993
9355870
2191051
8027646
6621121
7386568
6445193
7846411
4579361
3632955
4003328
3104412
3331095
4132521
4214274
4722997
3729331
9165602
2883867
8349331
7148386
1304417
9076702
4314398
8279750
3945183
4459095
2001976
6890121
3214312
5058881
8665498
2195744
6997919
7727083
3867998
5009663
2356127
9113161
6737975
1636737
9073377
5361943
8815434
1778774
4319612
9195894
3867333
9750913
1845385
5892001
2363110
1852204
3396604
5024637
4625529
6416414
4280789
1607920
6366672
7542300
3611482
4039285
5704859
4637846
4603071
3514023
5197293
1131825
5256505
4608785
4850397
8247003
3524241
5824653
9086762
9923221
7537288
1777244
7291484
7378615
3007686
1636944
8141922
9216765
6336478
9033649
8634234
9166948
8552854
4603738
2967199
7376634
3252071
3564035
8663122
8472753
2005046
7083220
3344096
8872187
4083674
2431817
4569150
7488280
3482812
4179082
6488554
7351142
1858998
7264496
6067802
5112882
3700014
5770149
7157165
1539307
5599570
9495748
2000655
4906996
5486354
1824399
8600748
9537246
1995695
9921946
5726048
3829734
7175419
1878653
9876319
3991684
3922044
9752011
2792228
5542316
9288613
1967524
8037521
2927545
3935463
1960891
3135278
1346059
6585553
6764861
6089841
9481416
2288853
8977159
5889694
4268603
7417621
1290505
6286401
7768590
2196427
8272257
6150349
8708750
8648468
9405458
4307415
1444438
8201324
5760514
8372472
4866879
1833688
8983005
6872146
5226654
7456524
5676079
4708223
6934675
5448706
3604129
2889884
2720544
5352911
1140180
7612591
4670327
3966795
3635175
5279189
6062170
9408775
4120291
9726962
1862166
5609890
5197234
1643490
2255526
4516047
8742917
8773201
6467562
5764513
3470187
7589265
1137631
6402537
8081476
9308982
4015571
6174772
2318873
2190049
3792792
2969446
8502838
2552664
3481586
9517195
1278162
8060745
5599538
2641807
3719973
8979228
2758901
7810964
8884643
7712517
8574493
1433092
5178587
8805572
6183046
9666859
7074259
2077916
9335526
5345198
9251777
4711865
1302334
5157461
8183752
5678727
9812927
9588575
5962508
8574493
6838246
4824194
8586834
1196936
4599681
6358256
3476268
9966933
9576198
9717858
6199344
5783048
4976636
1720671
9884600
7124371
1115389
4667575
2811634
5494765
7124874
3896893
3923228
7675276
1628615
2172275
8956688
4337102
8848756
8244227
9878046
1178038
5627816
3558315
7718888
3975930
9362914
4026622
7318525
2401948
4764408
2619669
9291580
5017269
5007324
2200145
7656924
8870520
3954587
4544277
6448148
7539847
9719005
1950195
7474895
6554466
6116575
8485061
9220226
3131549
1637400
7727002
2772703
6458019
1829587
1972592
3407033
9546481
3284493
9553569
2376836
8679954
2140947
1802479
7072978
8266668
6538532
2750613
7141159
4408235
9977607
4840701
4324563
6877009
6303052
2526217
9841086
2646704
6504795
2739749
1378372
5869432
7404342
9295276
2368103
2704978
6560760
3039187
1252994
4385067
6891020
8562378
6397136
2533083
8793009
5275036
6999442
5884894
9831309
7863833
9904694
2505511
5697296
3824467
3971168
8757527
4379914
9159933
1276744
3929956
3065591
8506056
6402444
3546242
7495202
9173119
9289420
9688137
3533999
5701867
6394242
8139456
8464596
7717020
5023219
7541040
5659387
4434803
5587196
6385945
8631160
3084282
8017508
6413525
7109561
6134699
4874069
2043562
5485788
4993014
7654991
6134963
3061589
9755347
9805491
3962387
2144352
6528848
5733007
5609807
9925386
9349369
9988598
3012606
9314183
8143728
9087593
6119594
6890703
6953779
5329274
4879504
2344374
2204526
6131273
1900425
5962129
3623926
5437270
7127138
9159362
6928196
2728566
3974302
9651489
3806675
9723325
2833265
2317326
8471169
8933066
2855211
5029533
2180888
4480814
4749911
7619768
4768403
4021026
5336096
8684856
8554921
2421348
3473964
4668574
3354332
3365473
6458489
9899347
8170262
2667652
9719770
9243054
2277764
1561676
2826140
1162669
6175962
9606077
2821236
5307553
2370031
9715205
4726982
5999500
2266992
9593098
7168717
9867982
4918787
9157966
4445380
5774881
6767659
5120747
6161890
2706394
7420017
6289554
1464307
2860704
5386642
7389759
1627392
3770201
9364120
8931054
4951544
4287731
2388264
9956639
5001719
2648902
5448573
2767244
2159646
1531147
2908842
3550905
1721025
5559180
8358140
9124532
6535356
5861323
1505474
9796757
6378465
3356047
5102814
4458650
5479103
1947727
3860240
6433887
9585152
6792182
3916664
5451707
6546804
2663014
4580653
7779712
8932388
9362101
1407243
3913922
5419416
1494569
9311348
2981365
5129895
1358819
6181857
6391567
3292691
7151124
3254806
9777530
4746848
2476315
6334170
7103627
2393083
8096982
1802510
8736350
4041101
8124082
7000637
1201059
6835617
7100545
7679009
7246205
6683720
1863950
5992432
1486784
8924701
2605133
4590287
2450688
1276207
6663068
8213025
8075453
4540308
3106520
3746419
3574124
6535128
4896598
2565807
9871254
3762768
2967053
2314897
9105753
9314136
2357558
3301612
5911834
2403087
2163028
5573310
6152904
6280593
7365133
7253349
8079769
6504612
5065180
6936666
7865753
3305155
4196946
4598300
5403456
7261702
5824239
1302272
5651472
1583105
6042992
1932246
4179364
4438928
8158819
5398762
8562669
8763866
4823220
3075941
8289890
1579730
4458292
8035613
9911850
8909783
5202353
8776943
8147054
4006999
5916090
6708841
9700211
6362274
2765391
5615048
4793349
5953909
9046326
7616722
9814825
7760210
6402828
9596110
6907753
7974212
4312822
1832152
3509644
4587159
4305928
5046148
9902285
9351976
3931284
5680956
7115510
5035866
4812420
9474827
2444994
8944029
4369523
7980189
7523604
8824186
6349399
4797041
3868639
5093967
2676597
4545596
2782608
6574417
3723726
4959396
1326371
8855042
7015036
7776387
1154211
3510901
5220051
1508543
1217236
5093911
2870921
5642466
7321305
5119502
6074916
8375259
3308427
4934473
8369691
7483062
1660622
6216386
1339244
3232357
6515489
5631537
4334905
1599373
3697478
2226791
6548967
9173762
5159271
1420407
5727045
1593773
5134816
8579150
2469727
3612723
2835541
3071560
9414730
9986972
7891034
3026729
7164650
3946021
4683115
1915618
7697053
8249174
9764162
4862697
7637927
9442038
1222430
2554709
8320397
1195403
9392888
2829645
2236956
8489999
9065778
5938871
8636583
3076991
3095688
5272654
9266877
7708326
2143331
2036395
8065737
9117196
7507329
4290887
7350173
3226794
3794881
9146074
6789509
9240542
1964398
1351616
5584872
8850898
8788919
4493420
6793440
4625410
6492275
2451004
5508946
3109069
9373859
5111528
8986845
6862392
3145363
7553665
6225254
7981929
2983790
1564969
8771411
4713687
8082682
5900920
7802687
4099652
5999623
4522388
4159767
8892322
6691173
9895711
3089095
5465365
7360382
6955940
5265265
3364347
5164619
4648414
2241377
1798604
3243555
8670089
5783671
8191776
9813849
6611396
7645225
6287085
9110062
6986000
8613813
4343999
4452037
6427417
4848141
3405888
8792300
4687139
6516934
8374556
4104257
3861480
8420353
7491872
6182905
4511438
3111404
1339909
7182475
2557058
4585900
4120670
1921101
3082814
6382977
2283486
2576363
4575025
3858682
3535260
4802960
1779558
4772568
2474159
4070621
3314209
3800643
9530768
9551920
1520989
2568321
3866334
4559092
5018737
2275158
5458403
1588039
8064841
8902861
5344766
5200028
6542750
6389830
4988208
5130586
3862234
6358726
4164745
3563782
5593845
1667968
9427884
2612799
3806045
5402339
1576913
6940580
8133384
2841049
3188795
6374781
6267500
8655778
1881549
5545560
1650936
4328678
8478979
9054176
9793502
2519070
9812719
6761075
3407233
6035619
6926891
5244198
7559585
6613665
2768780
4806404
5976364
1422027
2930548
9355640
9471883
8081601
5818364
7690671
7931993
9160127
9528595
8686804
5367345
6797833
8100367
1506528
3971078
6359402
4529455
4313069
3083052
8214523
3801200
5729669
5165494
1854281
7421748
8478381
4942058
4505515
2251567
2547333
2589022
2379649
4761739
3041663
4125327
7820683
2859168
3551141
1821564
8660787
2539805
5410422
4377115
7277481
6374080
8600725
4043606
6279778
3837192
1286418
8788532
6754989
5614456
1711530
8791810
4577043
7559385
4824446
7392140
6744154
6370946
9249167
2498291
2254148
3860580
9329449
3633418
7218803
8655123
3781492
3356240
9023031
3358320
6980224
6422359
3165455
3613113
7974103
7896311
9158761
3649090
3599357
4891075
2481840
1957021
6422561
4865470
2861704
3850548
3538333
5543148
6371157
6608688
4582824
4870535
5370574
6352247
4316429
4734396
5594618
4169162
9412481
2607434
1167459
5116225
4003748
1732959
9108774
6168041
9460950
2539438
8997875
3635785
1783964
2360878
5643059
3528701
1711983
9982107
6268939
5396547
3975508
5597316
6649493
1233514
7914975
1187040
7102529
7550432
2390355
2555902
5944424
9326587
5287968
4134892
6684667
8006312
6017968
8129869
8712203
5727194
8529732
4551279
4380903
7697784
6041281
5527177
1927845
5432763
8471004
2421484
4758216
5912444
8448240
8003975
4408995
4773746
8774245
3175290
3680981
1657389
6846884
3781227
6612314
8816143
5902480
4533816
4455206
4888961
6096933
7400064
9236484
2465861
6229414
6157881
2299275
8719419
2842650
3862102
9378840
2094008
8296641
3199000
8236372
3772455
9453792
6231755
6635968
2152808
7176297
8366244
3219370
5793699
2861609
1877140
3551053
1275667
4902781
3868339
7699334
9132613
6697494
6618666
7219558
6918772
9234994
5282471
2471680
3943233
7536971
7911369
4425854
2828284
7930895
1689340
8891654
5170183
8589861
3951472
8123181
3662545
5459541
1923137
1391540
7271739
8465573
7625716
5147698
8096000
7720068
9436285
8875798
9367809
2564886
8586807
5896914
7553665
5303993
5211550
5530148
9321817
7757169
7281108
2263189
1824464
5609256
4149047
8293903
5678789
7128537
4304300
2532552
7845714
8641535
9498448
8610640
4804315
7797983
2811122
2767111
3293992
7785121
9536098
4629567
2059152
7322830
9201810
7769192
2413931
6822236
8354044
3503072
2490043
6583650
3933728
2922429
2788863
3549172
4326881
8982412
6138622
9507822
8791451
7146103
4203046
4908162
7975782
4526394
5378298
2835017
8113221
9997530
1855312
7988930
2215827
4605957
8687293
6684818
9994483
2826566
9412795
5855615
4850527
9151294
1486638
7824734
7651891
1405658
2443814
8608316
2340316
6572244
6005377
8872219
8340835
9917336
3364666
7318234
2704631
8900965
3951059
6111423
8213796
9754171
9894070
8215986
1859378
8404718
3573923
6281181
1971938
6897887
8582437
1688717
4820546
2062684
3742425
1304701
7321645
7344654
6690976
8495955
7635838
8031509
6737841
3009178
5368767
5166607
7423567
8650528
7663270
6458254
3929875
1810937
7611686
5194744
5717876
3220774
5494049
7696611
6185784
3126510
3284437
2510410
7186644
6409862
4086488
5166332
1800178
1566805
5409644
7353422
1885996
1245761
6805176
8908707
2077256
1470728
6568724
8702509
1135498
6173271
3906705
9910230
8318573
6393512
4791527
1450721
7217579
4496227
7233660
5560308
5498851
5206251
2281092
8425776
4288152
5259208
6323966
7194277
5863062
4290958
1113105
9383633
8167525
5339599
1671104
9464963
9901049
9856438
7516847
2956150
4413525
7966783
2925820
3219267
3895504
6184679
3573884
1870457
2792550
6367053
1461573
2870267
2794794
7535109
5507380
9483925
8449331
1168584
4813247
4746292
9144919
8792955
8901253
9680364
8599526
6440285
6795686
3002706
4431854
3537754
6671008
8163951
4289337
2994499
5321224
7179031
6164585
1597341
5074897
7973573
9913786
9875344
5132555
2325175
3868904
7614045
2559531
1311238
1494051
8708334
6463111
8525021
1516453
9180249
7539374
5132767
9950466
9788461
4698966
8707633
9561707
8301239
7110117
6645878
5364781
1177865
9535988
9633970
1743247
4341736
7279482
8282566
6481681
4256216
4861532
7975527
2082379
7009652
2048563
4532453
5572010
6246764
6598249
1998798
5165091
5654633
8980232
9990027
9899419
3094053
3438871
1196266
3611555
4039221
7501163
3225292
7423893
9346077
2340794
5604352
3798659
4239410
7541894
7491286
4345926
8283671
3656852
3433389
8543275
3272257
8722266
1604485
8579054
2821361
4607718
2795688
2720515
5082151
1824737
9282642
9162633
2677535
8289937
6375937
4025051
3909944
5588663
6071510
5585631
7188332
3279163
5788703
2732314
6039662
8198301
5053775
1774435
2187454
5428096
2465586
3993914
4144884
8296790
5299771
3383357
5485991
6627117
2302261
9251255
6901725
8717567
7169162
8526888
2728594
2869100
9164073
6925686
3983736
5189579
8988847
3872863
4756993
5633237
7510415
4971375
9554796
9199101
2723263
3930702
9140960
9436592
1949591
5875410
9583423
1537111
8843448
9625584
9908493
3493718
8445379
3860500
2412221
9875204
8449870
7188306
8926786
7054921
1627447
3481512
9092290
5869286
3564110
8760213
9306329
7885108
9753116
8629794
2486627
1876895
4904824
9995234
9864798
5557933
6874480
2877814
2330965
2265847
9110138
4265761
1375141
7818107
5641349
9742803
9143276
8639925
3314328
7649696
8334162
4752662
8235545
8263945
1416485
5952902
6378259
7362679
7435144
2758346
2053592
9384594
6744477
1233936
7343670
3682302
4318991
6713478
8436316
4173102
7049153
1437607
8928901
8022963
7936671
2163226
5804809
2649472
9403444
9715484
7296815
7376168
8458251
7594252
2425663
4513538
3186635
9986533
9149297
6251699
6217061
9369276
9167910
7686639
9792980
5945516
3185345
8075081
5419568
5521957
8334407
9886646
2293684
3297371
8148651
2796419
7447860
7438677
2083416
1351271
9727258
9608999
7924428
4792180
5951627
1495544
6995752
5027272
2731952
4985798
2629204
2969069
8794870
7043463
6869545
9195909
6498553
7227993
8449164
5869779
6244531
6469228
5422812
2237372
5523634
3611088
4225749
9829614
4215180
3023438
5382428
7065179
1927302
2134863
9794144
7851727
2906341
2311099
2075257
5505773
2283478
7452890
4634900
1999575
9730324
6590809
3830456
9591905
9087908
3266294
4922428
6063329
5900423
3019104
4226293
5243097
8211700
7689496
4886730
2861503
6552757
8454558
4422299
4962483
1630057
3954042
4599931
5871856
5642751
5051747
5782673
3219016
9465056
4274154
1116318
9591824
7563364
9683925
1321353
6171500
8041464
5038877
7833292
7361512
9996491
7385423
4957380
9287116
6876540
8666790
7545541
6749030
4418687
5304293
8651332
6623603
9550432
8245781
2264796
4688078
7407094
2536066
3661897
4687735
5744920
8678188
4908010
4447197
8527850
7591382
3910170
1583942
9670088
5794309
4735955
5182833
8129046
8387674
4652156
5680146
1959082
4429196
8507883
3772143
5970026
8765127
4073557
3419859
3652083
6408094
4556495
4488432
1808984
8594608
6592388
1906244
3002314
4783035
3055056
3372525
9946245
1778650
1537273
7693827
1686678
8896570
7515618
7045580
2452343
9598378
6210114
5931259
1454662
4753241
9698104
3015935
8808964
9469816
3461749
2387090
8553190
4322518
8878235
5256190
2855115
8411739
7680533
8019959
8073750
7824468
7914479
2667187
7404163
8306858
4843798
5904489
6641960
4964055
1357289
2045615
6544009
1659491
2354810
6422959
5779668
7537032
7298582
7923956
2615314
7974469
2219384
8068624
1417694
2295234
5835716
3618042
3427850
4865641
7615826
1639668
8011188
5346107
8580975
3636186
3201461
4949011
5267787
3899730
7287492
6418041
8508358
3699275
3376899
5963948
8815252
2614774
5654617
3966802
6530945
6664048
5725510
4839144
4255257
1758455
9474511
7738386
4063492
8742616
9140084
2542616
1407353
5643420
4775706
5015298
3833613
2276934
9197436
6025494
1496406
5212487
8552816
1580545
8246953
1117850
8070744
8832624
9267669
5391922
8832172
9795781
5088695
5548683
8801049
3183025
4877950
4770592
3251686
9570864
1162625
2217630
4952163
2680355
8245587
2643702
8845419
7155624
2791895
4589584
4301239
9172455
5394350
9327221
7864168
3300112
3206792
7076739
1645417
5132669
1967020
2313744
5186757
3566627
6760108
7808616
4066097
2478462
8774132
4924415
5870540
8091757
1183746
5986090
2565985
5984579
7057246
6318692
3018440
6805052
6310649
1709076
7249682
8225181
1890591
8604511
7652744
6476090
3893164
8611706
6495399
5647154
1351759
6705217
8909256
1326316
5248115
3116208
3508936
8848607
4970306
7322033
6040713
7714458
8827710
1997576
4190175
6028898
2430199
7432238
6418228
2818165
2827566
5661517
5470308
9362458
2210086
1752896
9720608
8572276
5298349
3158610
6392748
3809286
3392498
4359342
6317025
3215217
8561336
9461065
4046104
1976909
9685534
3379986
4314847
2303124
5809290
1966826
6077263
9828862
5063989
6134758
6308848
5430088
1299171
7334693
7656137
2698446
5852550
6732795
4902598
9239961
4804113
2606027
4601751
4817846
3583763
9261352
9901991
6004080
7406471
2818672
7167973
1760684
6747812
5036133
7336462
8518483
6736274
3644833
3199946
2552533
8556833
7978436
9818654
1741169
3261366
6799283
3303034
6255833
4485588
7511309
9384770
5223069
2830722
9613728
1218171
8247924
5342140
1487029
6479817
9499086
5913382
7840861
1275643
8442511
9402035
9439762
3562162
3060119
5865550
5731143
3018564
6032840
1648339
3854059
9863201
8493463
1596573
2131350
7707160
8386223
9958318
2581541
4063835
9305064
8099244
3045874
3775345
8826362
3965875
5501463
7358539
9553473
7694217
9907584
3197996
4317263
8358505
5537063
5558617
5630887
7529666
7233700
9287795
8310590
5211049
5721897
6359250
7425363
6004864
6120367
3810186
8478091
7507384
4430647
1437104
7605156
3529140
4571190
5378384
4556638
5878729
9753578
9656200
7158502
9140063
4736088
1756735
6728167
5696491
4196875
9180488
8773067
8672651
7141569
8299298
5027127
8137683
8907053
1906675
7251463
1642404
5309806
3451205
7011607
8988657
8797679
1503799
7170679
2396314
9999036
9155467
2811673
6317075
7006353
5104282
6500200
4847095
1840235
9878924
1350357
9883489
3515986
6835434
2518459
5257052
9910112
5533420
1625122
5400633
5720778
2835465
9536789
9501794
2954620
9197638
9065911
5249582
9123168
6742508
5746160
1704517
1268794
2220209
7744190
7247332
8721583
3713648
1827939
5562299
6084130
3943602
4005292
8929845
8396452
3323379
1582927
3674816
4992414
2687307
9831266
7337203
2529620
4835037
7689183
5726900
6618840
1948690
1986677
7962795
5777888
3541417
7725095
6129198
9044304
5611367
1246028
3439509
3455859
3489842
6471418
2117948
4932373
7308167
4481849
3512990
9310521
6820957
3783567
7675188
7535256
3280085
5756009
5597862
2702423
5433122
1738060
2676569
2631614
4800878
4480642
2818109
2553026
9065746
7013114
3185927
7276056
8904537
3144327
9281968
6602434
6019060
4373970
3422052
8660646
7685044
5288165
1860430
7080719
3768056
2388921
3189915
2321933
1640105
6728017
6792064
3293274
8814237
2747115
6634037
9417978
1933722
3760821
1384088
6035626
1998420
3866480
8759067
1200898
3205391
1153096
4397446
3236771
4763987
4242406
2255534
1190006
9179183
3818731
8735381
8876893
6636937
2770348
6181851
3729609
3624434
2073897
9948351
7661509
4754801
6543464
9215930
4552121
7645877
3600954
2270618
2479118
8804834
8687798
2267067
6090576
3073367
4551381
2693321
2071392
9699119
1536087
5648638
4070403
1400429
6820257
6218565
5789221
9728163
9754914
5670157
7365444
1179844
5936247
5992401
5028062
3060704
7269980
7171144
3478033
9112992
2454039
1659799
1233484
6384760
5181276
7558747
5091012
5725975
2900273
2632090
5765055
5028571
8660210
5097452
9377405
2370232
5611211
5539467
4694732
6295891
5184005
5073624
3240932
4132509
3149441
6319585
7716509
8369583
2936553
8255982
6112591
4141805
3007257
7150296
6886661
8139843
4820221
2653330
1737055
5170587
4188000
2489925
4485073
8229468
4996141
4781237
9828683
8703896
7254114
1486001
8730871
4467183
9312503
2683148
3669268
4861840
5606761
8371266
4014847
5835053
1375762
8175349
8319036
9124065
3390648
3257207
8909210
3821495
9752257
9502641
2633881
2308374
5894665
5928201
3131431
6385299
7723994
9992009
2975910
7787759
1408020
1873060
4227469
7216353
6183301
7686449
1463993
6154079
1492754
9127335
7347509
8398719
1683737
4451647
3390285
6020102
2104708
4353829
5953756
6154899
4762569
4626016
5332356
3675871
1764545
8229667
4070616
5412013
7681681
5357526
5745886
3886571
6638334
8457290
2148498
1820358
6767028
4198929
7140053
8347177
5840998
4219134
9943551
2468814
8667175
2929906
5301155
3120188
8145775
7558318
2810488
6227665
8869527
4547519
5456428
6944444
5635845
7004569
2946480
8004009
7887560
9665237
6674761
7176457
2527572
2945481
1132728
3738162
5483106
5404158
6920690
7339513
7239985
1806842
4120783
4812369
3746803
4843175
2720015
2523687
2846078
2393233
2074245
6746700
1407201
4666731
8937591
1327249
1407598
2472036
1899777
5204663
1127616
6275562
9194727
6449841
4776055
4797471
6474515
7968793
7541740
3715962
7041792
2601408
6645371
8043144
7067490
1792462
4954624
9175189
8778703
6113594
4481315
9373230
9893269
2107211
4234606
5514841
6997797
6914005
5388482
5700190
9461610
4911882
7622192
3381167
1515883
1783805
9401051
9772622
9959345
7992944
4876618
3058591
9678141
4189958
5433968
8209775
9493149
8257865
2714656
2249849
2050104
8277181
6318667
6607263
8114130
5923417
9285322
1414133
1188049
3665177
2136460
9240484
4130426
4901893
4945473
6018326
1797879
4504079
2375529
7904793
9254632
8517962
6918117
2255832
9534343
5941236
1292056
5606268
4199073
5980793
1953388
2623290
3928468
2319946
2852075
5693138
2371633
6091963
7303916
9482640
2434632
4492477
8378098
3040897
4370079
7798769
1154816
1885579
3443040
2174366
1827685
2948194
1986180
1987671
4678896
4185613
8933822
7452864
1284500
8995510
2066571
1862133
9612615
7678730
7416955
7706142
6675293
1181747
1867764
8872193
5601462
6038208
9850000
3768495
5518541
5109403
8535784
8783850
9798251
2606810
7951126
6128259
6485444
2729480
4100483
4471652
5362960
7724579
1757694
9955507
4980615
2431466
4458068
3106107
3887485
7203045
9503254
9779965
1216670
8069323
8166472
5791136
9982240
5660694
6670463
3710550
5942674
8826639
5688402
6726725
6978962
2800422
4456797
9108045
4946855
3894704
2258910
1509406
7109229
6883884
6680954
9209513
8364678
7927590
4160116
9849920
8613040
3102506
7359808
2484402
9172721
5214471
7448649
3027573
6288968
6247861
1854777
7241298
8269582
6633274
7883715
6617946
9472255
9861711
6804327
3319768
1556512
8280017
3880732
6665092
6331454
3515970
8612248
1563217
6948998
9458863
8264778
1417083
6292142
3257292
7981200
2617253
6277744
7140792
1730897
2824774
8810843
9280229
2009988
4228791
1641600
8473552
2613738
9150414
9371720
5069002
2042344
2730157
4343707
7823369
1196255
8714807
9423129
4335964
8019700
9135761
7552569
6590836
6052968
4348692
4228682
6862586
5894476
1585614
6199045
8315191
8513000
2414054
9566621
5551065
3591212
9745701
2851620
8477569
9215996
2811353
5871762
8595519
9212465
6207577
2124513
2028421
6524627
4631669
1178666
6865598
3618991
5589307
4631385
1303562
2265874
9407770
8700071
6918420
5495601
2407354
9512019
6607299
8176212
5854260
2483208
6414728
8233929
9652457
2372073
6052079
7869722
9611164
6234753
5585949
6306970
9283150
7972742
6874095
6569902
9472582
1251729
9635414
8010105
1612463
7654235
4018822
5768767
2587869
6344010
2984365
2169774
9176775
6418787
7507730
9850367
6440303
6344324
2083477
4153416
6246131
4141317
9510387
5802901
9740451
9414177
2426747
9819686
6819327
8875586
1228310
9191556
2747750
5648064
2678127
6727477
3886747
8724830
5570318
5380815
5568033
3850232
5371361
3756073
8430177
7859471
4676228
8552340
8164786
9005956
1464688
1689766
3400733
8945107
5218432
1323891
2734659
4971441
9492582
6090490
8734317
3754780
8517692
5962640
9089043
1148065
6281535
3716503
3256445
4582143
2975855
2280519
6889767
1570535
8378542
2722403
7993558
1217056
9709359
2718269
7374015
5130834
3397546
7331392
5125082
8545379
4002772
6371592
8220080
3749146
6534936
5448004
9169561
2878117
5207059
4132222
5541907
3994346
2580533
6322342
5398746
4641275
8340975
4078464
3749238
6617855
1513952
4574736
9113745
8705900
7230098
9540984
7801473
2313388
8997943
3050939
8953764
9213514
7977418
2171944
8354636
4308301
5427430
1232368
9907670
9335581
6363050
4507273
7645723
9844643
1433712
9206635
9557915
2092190
9878622
6894378
9918564
4125014
9215572
6060731
9661548
6962335
3159865
6405731
1265957
3953714
5759996
2853826
6663742
3536987
6798725
5940464
7663116
3953540
7365154
4402034
3748155
3997243
6285967
5891096
3728896
8559424
5311652
1885439
8412683
8943095
2198200
3581538
9262823
6985596
7259686
6878888
1625388
6205605
5114269
5434488
9775175
7936548
4051808
9659046
8178957
6716486
5383826
1905101
3088083
7515530
4815499
2161691
6725489
3535335
2774652
4159285
9403284
2245676
1339013
1649356
8011946
7733882
5814459
7845306
8317096
2197703
7630996
6806946
9688001
7586613
4337507
2641603
8845248
2397484
7363009
8960952
6453336
2072498
7885659
9013008
6558552
5819060
4274959
7381973
4141918
5069077
9301573
3284455
2680409
4107316
6629098
4681816
2227864
4758343
4808451
4845982
5447366
2224042
4224641
9875435
2941274
4926899
5392838
2173545
5613251
2149615
1443223
7387482
4114542
9544495
8382171
4619798
5742369
4970271
4452842
5572903
9905323
1622246
4375340
1343186
3637904
4569356
9211137
8330212
1112754
4914882
9188053
5142520
6243059
7157551
7524667
4223528
3415118
5600167
4469077
5511594
8361261
7211430
9543145
5859511
8392764
1757219
2854128
8162919
3142636
7131742
4637926
7877977
4461192
7243123
1408972
6033991
2321767
7893102
4647923
8957272
1348647
6297350
1986240
6944688
9939580
2266476
2293927
5671799
4962418
3876229
9761837
1429097
4394289
2131957
4045869
8503489
7747443
1967601
9115363
2611090
7115618
4351062
7495350
5819935
9674132
8312535
7816364
7842009
9829909
8984551
5580137
8365011
1935883
5666949
5934400
1328072
2844153
5628673
8705530
4733611
2919373
4392618
3856619
6748196
7437763
4557255
9806615
5339624
1850452
3275446
2956908
7255596
4976103
2270022
8278242
1157384
2953770
4231181
5153984
9693476
6258768
2193695
5594181
1829991
4869477
8151394
3994638
6025811
8713319
2299168
2099322
6122022
1497617
3404828
9011474
1566163
2504272
1741132
6287735
9713466
3502848
4798511
8128969
3362152
9374628
2230594
7503266
8089158
6438238
2302706
4314602
2667767
4946845
1754629
3484405
4845898
6211347
5395996
8110105
3901439
3419660
7006961
3869622
3012647
2203104
9331929
6369291
5564178
4873181
8436511
9025029
7455514
9437880
2794532
4735057
1993504
2896194
4908569
3802799
3482560
8069384
5572316
5425017
3471426
1439826
5634998
2531405
9720473
7960455
4951907
7476691
9110121
1527390
5972298
5336046
2945854
2752040
2586760
2589654
3836386
1503446
4780239
2898839
2234850
2991061
3041049
2700926
6793853
9909877
9422033
5991975
2174464
7856847
7419119
1165946
1405458
2254958
7225039
8480811
6697384
6512461
9032478
5977663
4904476
7778467
3673483
7922103
6004317
1458096
7719915
4608961
5467205
4137917
6165652
8229130
7731772
4747845
1895683
8720076
5528368
6966016
6476322
9147652
1908483
4503419
6774455
3505513
5478513
9879825
8108577
2361005
9651375
7505327
6980524
1628392
5833377
4773321
5898578
5410465
9086728
3806123
8107115
4243626
2303075
2894351
8662145
4095984
6933605
6325302
5696799
9397209
4960132
5659392
5690318
4923490
3836264
8662147
9570785
9350088
6045390
6929596
5067106
6597982
6626775
5064713
9862161
5016088
8217405
3331964
4130176
4442797
5009473
9090480
1792064
6887938
4909660
5034459
8939501
7761647
3930922
8504052
6576952
8201900
9427995
5775369
5439474
1814798
6539185
3488999
6067619
3518395
4431176
5811193
3197602
8716307
8723784
3382555
2246424
4761424
6179407
9657543
9705216
6407066
5814213
2833554
4619082
3058645
9797430
1952762
7970296
1473197
3692057
2099144
3380702
5276987
1316577
8280171
2574864
2157427
2583897
9479405
4819130
6730095
9658439
2084219
1775003
2384460
2167675
2843960
1403861
6369146
4168302
7201485
6019729
5523553
5621245
7988963
2881996
2050129
8960237
2758765
6723009
3289638
9322748
2632007
4018038
7835335
8300752
7805943
7352274
4120668
9422830
8770998
9882754
1919186
9393123
1190948
9315859
7478607
3086197
5611145
6189103
8074729
5986949
6196601
9636800
2187956
2409305
4880137
1549735
3391385
7269134
8571473
2802668
7574422
2530107
9169471
6767917
9423149
8487362
5206334
5093989
7757346
6424637
1444793
1929240
7523088
7399086
4857977
6697988
5099714
3889376
5187010
4963452
6664147
9861763
1997149
5047773
2065497
2218705
4797336
7688250
3958885
4550764
2017845
3554263
5991626
7123916
4127161
1223739
9466804
4553193
5705398
1941260
9768519
5714655
5871358
1773163
6544725
8141374
8778133
9731486
4773916
3892408
8687514
1986374
5388651
2200449
2161669
2896432
2733169
1656723
1525418
9269146
9175502
7587600
3464669
5559065
7804359
6187394
6871316
9560571
7327914
6877496
6291790
7591944
1304929
2227855
2118165
6617539
2038112
3576900
6219902
9168813
4782793
9391944
3282447
3090653
6650043
8091103
9913566
4736765
5320352
7708960
5591042
4862227
9512381
8566716
5627117
4452514
4910389
3938167
9577376
4779863
9432166
6285297
4009385
4849764
6607643
9472104
1319455
7283803
2337666
6643051
9508889
9012289
6997004
4764158
7075691
7050228
5466960
9324598
9228575
3994596
5427335
6699458
6005493
9192630
6003578
3362523
4977778
9491231
7895032
7077415
9551953
9321906
6058435
2801704
5470658
7535197
3248274
6680924
2457758
9021349
4829128
3203943
5192161
7415946
8216179
5475114
8469386
6276740
2564625
1903926
7101259
3068465
3790821
9751239
8145478
7704137
8721514
6961812
8438737
1988582
7640057
8477161
5818451
9087288
2275828
3182530
7085740
8391691
4547083
7725650
2662698
4471107
4422641
8926442
2403919
5077191
7320717
3612862
8284243
9355156
9246468
1642597
2453113
2028765
7028655
5022391
1360156
2201728
5551092
2693666
2691354
8065431
8706065
2410837
4200272
7431578
1491203
3738850
7163063
3824125
3084814
6205957
5311662
6434911
3801846
1400606
2591808
1701003
6251833
6508974
8308067
5618302
3172671
2730815
7347578
1261583
2925353
3829010
4577279
1345880
9918054
6342291
8427601
3503570
4799405
7104719
6745324
3564450
5619448
7494766
2311634
6382914
4739677
4719253
1315336
8745231
4189846
2190376
1609331
1528172
6579791
1516182
2166803
6127395
2535587
4907638
2161820
9141113
6624403
8898022
8904010
1443161
5193823
6344958
6964263
8685883
5945299
6412878
7400530
6191067
8508140
2553719
4086297
5150027
7309805
5860896
6521686
5321526
6256020
4407967
4878461
1249314
3338493
8159745
6265958
3513458
4057415
8345484
3121683
8082033
8280734
4614093
3172753
8487305
1741489
7804740
2199659
2017322
2913336
3094465
3282065
2232568
1618071
7395720
6376444
8178950
2828243
8697638
6279820
3148924
6146370
6712371
7879374
2227696
5778572
6633445
7079424
6708783
6839553
2202895
6135629
3517316
1559098
7964772
8003060
3063110
1326063
5942094
5604896
8975102
4472880
6492475
1787756
2285366
8124663
4383566
3806581
3574598
7823427
9248043
7766333
8610877
8669284
7329605
2140135
6819969
7303402
4267750
7583693
9129529
1520406
5080245
1539859
5009422
2214365
3903156
5101248
4137048
2421899
7582052
5393525
4030892
6997516
6166477
6287542
1605661
2645730
9521048
3082037
8288715
2403962
2180871
7989134
3958851
1776258
9030160
7105106
2698125
3874528
4133087
5774376
7635655
9112864
6686956
4062354
3195076
9422927
3838829
4474409
7924024
1786498
6360773
3557755
8341412
5006254
8048716
2432082
8235049
6373023
9971597
6583621
5647569
3246398
9175254
6585534
3010607
2190076
9116120
8515937
1428308
6358885
7528519
8874885
2783095
3806908
2556884
2751623
3505143
4992371
6290460
6318207
3413190
4426444
7003198
3918900
7010912
4590328
9944400
2252867
4388969
9810809
2931356
3990592
4423066
4334462
8175535
5713066
4778707
6126773
3613982
6971590
8079232
4616558
8542414
9317254
7303711
9328605
9195291
6063431
9279233
9499683
7915694
3293194
4628650
6852921
6775235
7459913
7477622
9875921
4066421
7322019
5494597
1713008
5777039
3386507
1131168
2558181
1339095
5126425
8267670
8846785
9820265
7585562
9569551
7726469
7171748
6402569
5854985
5773351
5122304
4917671
9671722
4734011
8404693
7167647
5846960
5278934
2286639
2335797
1384725
9296254
8803791
2008653
5131770
8114691
1519798
9255900
3479035
5432221
3198360
5779276
5595622
1225087
9526777
2472917
4510493
6488918
6199883
6223520
4167748
1979035
1749130
8402518
4572030
2055111
5937556
5013803
8685423
5147944
9242689
3169950
7786484
8887965
6020543
3357914
9858490
4628058
5774103
1142941
2658634
5040682
3104467
9315552
3455203
4065201
4321750
6651081
9962651
5543438
5565005
7646127
8323518
1952010
3552886
8346706
3475479
4585485
4724259
8968621
1300441
1203074
2600353
9403178
4105359
8562339
2693656
3614408
2043882
6906403
4234907
2870304
2261553
3346510
7853037
6626249
9760665
5387757
6200969
8584128
5149873
4479130
3643049
6643135
3399852
2893596
2855085
9022875
4021838
6498847
3720797
4613160
5800308
8617203
7487316
2304703
8559005
5490010
4552308
7339013
8081736
4000516
3137608
2430818
6975240
4568169
6907700
7885848
2785462
5053050
7174465
2161901
7023538
4192540
9029512
4178635
1838076
6334084
6831958
9051412
1446274
3705698
9996261
8077255
7398372
8455428
9001418
9416418
6057651
4090358
5223758
7514321
4990417
1647848
2764429
6298561
1418350
5355288
1421389
4729160
6272137
4870176
7238730
9973316
2114543
3552756
9448734
3088788
2476819
2979207
5016091
3708437
1241946
2531538
4891310
1709365
1198435
3996828
2185937
8549945
1143940
2969182
6368860
4390258
1236313
8420165
7905640
2440652
7063267
4544748
9477108
2400457
5631271
5128822
9946465
4687468
9884606
3712484
1468660
7509100
9877785
8238152
7890682
6449747
2104503
6639204
3684977
5415079
1610394
2506477
7996681
8427017
5545321
8136948
3090685
6063517
5066805
4703698
9604692
3292095
4812111
4033797
9973531
3779975
7406494
9748078
8862676
3512900
3892665
7012107
7118661
9055329
8516336
4439005
7627476
5715110
6545057
3518982
7219390
9689648
7319805
5008906
4405691
8710538
6596343
5481571
7066529
9879605
5866593
8316393
2367963
4573229
6480189
6400571
3748739
4273603
8148013
7772368
1546145
1481828
2890592
9303191
4510371
5740815
7221336
7827571
7251358
6216771
7172547
9618822
5417565
7214158
5556282
6335329
4035647
2913513
6403506
5658207
3206080
8647944
7364169
6557823
7667171
9456606
9997257
1227295
2702229
7597512
7943358
1425454
3218395
2074850
7080393
4468340
7357025
9640401
7066512
5534604
3082776
5553140
1935243
5420595
8791148
6501142
1722417
3463786
5839318
5901090
7463026
6685472
5228266
4910039
8990781
4659089
1254011
6012792
2836039
8593051
6019185
7579996
2068291
8583207
9403829
3809990
6156149
9172785
8860171
1785517
6724122
8262581
1899957
3603413
2297843
1492790
9954521
7725349
3660754
5468156
8377645
4901479
4640445
8640206
2537448
2216903
8444317
2998416
7213477
6703996
1380512
4753612
2896422
8859208
8945349
8224206
7051316
1379225
3998301
9099837
7360989
3339759
2659611
7603990
8056939
9589279
7975736
7480187
6568764
8049953
8713165
4026320
6743958
6274343
3356924
5033821
9794540
6298250
5775317
9016617
7632383
2763891
1584750
8886923
3086003
9738249
1796474
1607681
3723025
1604619
9407877
5019428
9357908
9887336
8226884
4566932
6555267
5956696
8056280
1974044
4711905
2813787
9371510
6380323
5757566
3455698
6361687
3801376
1183361
3121049
7118340
8020103
3962808
7555381
3446461
2066765
5452660
7643341
3346125
9009975
4414138
5985070
6825168
1143087
1245680
4437158
6490036
5393121
8509976
6388976
3954432
4584535
8497949
8817116
7496354
2346986
8444926
4674440
2951118
7349735
4898000
2620622
1208700
7937092
6031457
4270257
9646892
4507065
4509976
1134872
5096073
5464249
5572963
4571218
5181786
6725884
1699987
1491647
1871001
1295440
9123285
7267667
1954270
2028008
5715052
8497000
3610789
4425504
5299371
7101432
9275140
6370461
7468229
2478075
7726543
9302193
2071851
9373594
4206864
6393953
9189699
1133351
5821066
4132656
9965196
6376319
9402895
5594370
1282731
8687858
6590672
8464625
1983508
7112270
8192404
4851956
4957379
6578849
1362977
2033436
3877130
1765842
1771153
7945755
3086166
7091748
4551095
1575887
5636875
6491536
4330668
2220384
6705761
9009891
1827712
6305528
1362861
7549964
2387332
7322413
1148550
6853099
3857276
8535917
6319274
7643972
5992132
1468635
5661895
7666759
8993560
6697775
7206954
3955139
7288500
4941207
8955559
5723865
5547461
7901391
7907365
9749357
4643597
5526082
2203079
7844508
2838255
8102636
6161972
6054192
1634578
2414043
9819119
3306124
5954997
4811239
8442801
3446266
4207387
4308759
9768163
5513907
3146178
3737334
7925670
8139996
8955112
9375504
7485032
6704396
2664155
6589475
7315663
1495166
1191107
3093257
3309214
8305613
4285261
1607043
5313050
4056929
5426660
2849944
7685359
2728986
9110833
2293249
4903021
4559308
8691907
8037490
9872273
3732045
8438948
6459006
9294967
7402155
6732499
9264069
7935813
4996240
7033795
7557358
9133635
3085847
9457312
8297443
3050030
9938997
7298861
4360373
8325390
6246194
1526800
2348909
2455946
4380249
6328149
5409970
5212662
6874932
9259850
7326064
2003814
4910314
7545661
2240168
3658925
1405909
7951343
1525662
7361575
1122808
2503281
3871363
4637214
1986123
5359268
1666958
1926067
3378400
9518375
9821424
1832400
6402816
7232504
4921972
9959811
8701265
7982334
7641885
8573692
3724139
7277217
6251512
2442134
9088927
3814358
6885747
9029814
4931106
5383581
8204036
7153985
7790774
5700668
2519172
7244669
3248047
7084243
9971981
6597226
3095274
3299360
5352965
5190427
8971511
3981941
6022214
7577179
1947723
5153924
6020621
8324125
8741764
3868866
2455605
8261161
4513149
6571930
7124244
7005671
3678999
5470295
7008731
7030624
6058212
9091763
8281302
3875962
9979566
6022885
9247561
8121547
3286369
5340570
6854480
8615620
5798947
7931270
6446907
5748233
2398074
9277449
7522942
6339224
9641898
6915714
9699173
6426936
3841791
3409926
9665565
3176697
7299083
3846189
5571783
8934620
3862819
5131661
1125086
7209867
9329151
9712004
3812844
8597640
2055432
4977462
7161966
8726591
9338524
7253671
5154699
6576497
8959002
4890951
1540789
5204772
2320137
6440230
3408098
6191418
6433604
4024547
9738654
4254633
7679403
8576591
6408528
5471152
8879905
7096911
4932557
1781563
2110708
9548937
9481022
2277903
3968659
7424084
8243314
2553545
3282375
9597243
5372513
7971041
4122439
3821765
9425289
7280579
5054524
1974999
3783440
2455535
8028643
1949350
3698480
7787209
7081168
2692829
6943545
9483618
9668749
4527258
6172282
5740569
5595245
3921099
6172226
3656537
9572113
2572700
4643305
3954444
1744146
4667119
2932718
8855915
9296916
2657721
9598043
6279586
9599177
9638155
7443109
3423233
8644630
3550459
2308337
7201398
2950039
5951997
8709566
4612623
7196957
4349033
3801590
2730121
1319537
6158022
6110447
4254258
1153809
9648351
9192814
1320215
4413763
8589551
3232564
7608062
4371973
6039020
9706334
8171338
7136382
5373758
5110309
9918624
3758047
6544933
2216532
5930794
1350325
3480897
6377868
9077724
2897203
8696246
6778237
4197451
8127685
1278139
5593721
3027909
5277315
8264796
5894627
9658666
2966550
3768002
2932498
1623171
4520116
4254138
3604661
3527754
9493090
8491517
5918473
7596565
2459272
9175948
3948398
1684793
6095616
5826967
2842131
1769028
7258895
3423307
4895209
3612587
4577732
9366258
7862526
2064899
6055084
3478230
5085207
1893581
5571468
3449196
8289075
8893513
3300603
9919734
3642458
7963112
7774258
9388590
8086575
3085133
7425901
3544222
4033900
5995447
6186184
9973106
6011022
5585133
4782762
5894607
9996993
4389180
7719084
3709951
8580296
2280894
7369903
8162439
6050958
6215273
2580328
5886281
8556826
6971991
5784902
3496064
5712244
2046016
9000537
5172475
8064415
7407627
6977267
8419194
6826950
1520150
6367022
8710501
8547038
2144505
5166028
5689961
6913346
9348809
8563162
6066812
5376857
6154704
5130187
4296013
8218252
1645770
6739894
5033014
8651662
5581830
6647314
8618131
5248843
9009385
1453020
5128741
6135872
7368914
6633179
9714864
9395806
6963585
3704849
1140617
9002975
5827489
7570978
6912729
3490865
3049350
1890579
4178624
9597167
1847077
7538379
8585842
4105963
7236777
6340931
7409781
8910986
8487756
1866757
1962926
7598116
4778481
9353226
9558032
8431072
2164403
4371203
6290546
4240539
9375405
8365862
9351438
7235231
5622878
7814705
8210046
8038554
9778906
1526572
6781661
6479820
5877346
9053243
1626355
3650777
2751463
5143309
1830220
3568403
8464485
4465998
1865704
4232539
5747548
3708100
3818424
6504312
1250760
8691262
4675297
1954072
8513029
1779069
2911223
5873441
5887434
6705198
4168437
7706134
2321021
6494306
6912469
9135638
8430475
6116511
9521607
6998303
1857972
4247837
5790454
4720732
7980712
3254985
5984342
8063501
7049960
6453601
5409993
2126843
2113802
8740556
5843884
3964938
4643411
6091401
5740665
6958001
6517770
5215635
3770563
5845997
5143644
2799789
5282760
7092450
6539902
1364272
3113304
8504647
9942372
8744409
9465656
1361284
7928282
5892370
9422376
4597747
9818651
3764465
6253370
9553105
6404826
7672955
8062805
6089371
4905040
5248576
6108252
7719726
9978603
3467107
2662366
9383885
1975176
6428674
8562640
8246218
9814979
7951825
3235266
8346719
8431583
4084712
7098024
6340091
3898135
7745885
3206479
8038483
6729686
2198806
1291953
2292855
7452781
6949243
6687037
7856918
1905756
4033353
9956616
1624790
4070943
7922717
6298647
5391518
5504464
3255865
4953422
7545491
3236313
3667952
9058808
9239294
9274675
6989970
6631019
1732027
2715252
7203271
6737169
6834716
8635345
2005356
5012714
4612715
4643748
2525377
9542237
4609019
7520636
1332158
2888288
8676168
1600437
4967771
5286581
6953801
7335380
8803837
7263765
5344912
2244532
7307905
6269280
8801191
3002479
6143985
9138043
5595388
4209574
1836938
5107338
2411490
7453707
4159006
4905375
3044645
3097452
7824879
1378161
7487397
5041404
3979432
8776680
8374526
4892447
8875279
7140713
2585363
9173875
9105783
4304104
9653043
7653749
1790069
5737982
4309831
3320713
7209460
1291772
7254000
8365265
6975594
9499890
5546626
6432846
9338415
3517063
7656470
4324626
5874291
5364669
5219177
1747530
2296363
8732166
7751220
7440455
3114961
7370982
1173574
3200969
6494793
8064648
8953960
5051226
8554337
9005801
9512527
9014392
7113016
8908537
4655488
3141040
7537387
7262593
7140598
5382581
1168636
1979461
9425455
4503650
6860463
8773828
8883804
4131298
3905084
6417199
7532076
3978926
2539780
5341427
9328572
2437573
6779838
1735836
9928397
3297823
9427586
5178465
5154828
4766808
3198694
8471667
8208569
7453644
9269297
8498552
7624981
9767342
9082635
9331980
6839108
4000935
1719253
2487562
4450046
4555179
5955926
3336934
8989061
8825062
4277826
9127482
6071659
6488916
6220761
6948949
8890962
3536647
3957292
3009472
9148755
4173346
3351343
2500827
3341069
5945524
7751133
3733039
7508750
7618684
5821960
8812038
6348035
8652477
6334462
1445747
7343929
6505280
6745639
2365993
6752752
6378441
6110204
3759696
9424311
4631101
1736701
2800787
2300278
8561220
2076411
6011641
9084693
6248993
7347115
9692836
1811665
1141615
9278821
8604695
3760047
1699222
1222135
1636054
5659632
8288065
6232682
8270269
3608084
2664834
3663048
1826265
9459145
9858405
5280637
8112978
2961178
2136822
7710912
1345215
2393771
8186180
4888828
4347398
4264740
9519024
8522008
8591151
4392711
1188352
5090916
9572812
6711786
4140727
4690407
4309503
7149301
8239526
2909641
1804365
8094546
3720339
4068884
7667857
6909932
7574867
6181737
5292176
6659995
8737167
4091171
5225475
2246996
8741843
5177497
9436921
1290047
1805596
3357265
5500590
7834235
7901160
3311697
8635008
9059066
2116100
4160555
1913091
3817363
3475109
6893635
1292358
4886233
3531140
4046664
7825468
7561690
6242732
1600133
4932639
6558686
1493491
4338615
4057406
6806581
8057524
3144665
7206092
2104817
1305175
4697918
7764535
6719150
7685383
3173087
2376030
3703867
6132722
3054452
9920257
1853006
5376220
4971492
7654186
5352163
2133099
6662672
2920661
5687383
2284451
2732677
4284049
2401008
8044712
5029434
6047283
5416943
9358356
1649899
1852674
4078518
4301788
9848608
3596485
2382913
2049130
7701305
2479696
7064012
7694024
9829698
8561285
2671667
4930790
8940766
4859738
6901273
1957172
1730636
2491017
8489125
5257132
2969243
6786958
9000097
3937604
4474828
8029014
5140905
6204703
4190933
5752177
3730484
7259149
3149013
8434441
6670185
6829513
2609295
5061588
8809186
3309019
8557944
4518733
2609468
1354030
1958229
9133568
9557031
9387388
1828855
5056885
4868291
8017363
5821897
4654368
1695291
5115201
1268002
2720525
8674179
3742534
1136729
4834927
5547412
4379945
4844504
5366734
6186931
6069776
5868635
6280487
8667311
7450270
2330154
9357941
7227166
3134078
9469690
4293736
5511461
7084955
2494197
2279406
2477050
2821226
6061527
1568133
7775311
5021316
6405394
3208503
4504606
3226073
8507760
9734522
4349430
5421085
5994311
9881806
3604697
6552230
6302721
6217792
6003206
7507274
8540198
9225620
6799510
3207052
8661228
4340797
5944023
4901715
5940729
2082637
2664682
1893236
8681562
3778061
7139531
6719642
9886513
8758198
9169360
1232660
5489905
2199588
3502670
2613597
9046225
2561998
7164500
9437290
4897285
7040529
4326304
9913772
1274085
2393761
8194394
1134890
9522810
6887822
6779916
3657007
8399167
8828581
2544757
4701181
6338610
4008447
9243165
1597235
5825472
6407093
9520402
8014936
1141372
3273423
8954654
6794772
6927743
7924066
5901249
2325362
6510984
6150795
3304979
9848135
7193199
2227383
2882481
9968661
5785429
7778640
5231725
2185284
9767021
5971002
6331337
1244974
6180387
4491068
6097191
8883881
8168702
3244107
2031291
6832578
5074793
1273062
5650191
6223983
5236478
3092756
4854294
7531659
9494332
6326500
9997098
9594251
1577235
6685961
4242203
6887448
8668196
7479036
2645982
7294603
4890917
8004833
4424151
3559290
8435751
2926721
1279432
1167725
1577933
2107794
6148975
9316235
7862589
3436236
7754380
5763771
1407277
4174687
5391158
8435192
7214207
6345871
1469868
8279612
9025959
9201539
2198578
9314146
3623171
3114179
6453155
9452732
9727690
5854069
5553917
2693136
3554790
6979008
5831341
9348478
9238215
2908101
9506489
8978972
6542291
8887670
7742230
6572219
1391460
2018751
8680362
6536277
2722137
2414064
3204713
3629976
4438641
5879068
7270630
9822426
6659766
2105702
6244045
3006195
5151517
9010180
4684852
8437408
6197158
1267961
7682671
1638471
2378932
6078568
9640987
1327401
8695620
7737287
6649467
3665352
6662839
2794828
1646555
2889089
4647548
6464359
3718405
7673295
7570016
2879835
8415823
2360886
1880519
4526519
9221776
9177726
3147904
5967187
5018549
8189406
5977450
6656358
7117286
1603735
9964886
5406426
1549003
6551436
9033954
5101362
3306680
6801311
4835302
5168973
8108158
3439397
7846769
1733881
1816700
7597729
5554639
2697745
7601956
5708929
7668110
4745634
8858967
3473709
2808687
8373002
9543320
7913865
2786259
4225009
6925439
6454104
7147332
5108111
7544983
5459863
4196221
6353672
7498626
6623185
5431890
3889974
3516012
6449230
4390710
3091405
5866669
2107398
4420417
6567616
4658209
7119424
6441044
6080095
7850018
1807834
6942394
7632065
7336679
3165686
9002716
4933467
4688724
2465129
3535844
4603453
3561693
1828933
2258834
8654192
4240944
5855007
5848287
1188194
4076670
4415977
7934260
7327916
9119275
2937403
5166111
3632410
5066462
8151601
6678984
4104488
3109313
8318240
4919649
6196340
4010984
9230273
9186052
9799688
3463781
8135425
3371860
2797315
3803074
8640618
6825791
1489685
1513381
4631611
6164696
1458070
1181431
9245840
9767541
1129336
2151813
5824149
9783999
9971896
9094436
3027181
4233714
1351431
2497639
1920239
9752412
8783024
2484519
4095277
8421535
5730906
4280748
3270791
4634841
6277435
4084940
6452942
5326242
3311509
1749541
4642381
4005026
4744657
2678774
7166624
7971259
9772034
1401030
9121765
5177441
5325861
8333716
1687103
5880743
7170442
5507501
2475896
7127289
4701832
2412574
6186682
1867054
4962333
9920907
2445251
5040573
1777343
8322483
2498012
3443110
7696329
1638020
5286002
9134753
9280098
4250919
7052385
4792659
9298558
5637131
4612235
1975070
2042740
5268422
1662239
4589252
3750224
9148583
1120570
5043635
4862081
5067302
8464394
9862623
5844897
3910274
9578770
6076055
1275995
2191570
5836801
8730911
7754806
9925207
3243727
4791289
1689120
8102255
5751389
1415328
5655424
9988439
8133459
7430236
4465901
5807723
8215089
1379293
5402678
9391992
4348231
4904570
9674941
7882117
5915791
2858694
7897962
6626944
1978643
5660633
9513487
1431449
1407962
4382977
4768772
4608606
7461891
2493951
7797498
1152534
5534200
3784056
8436105
8275826
2364549
6765257
6583279
5381206
6907748
3927927
2669343
7335523
8503925
9195776
3558758
1680210
4026981
9313449
4557923
6693242
3930344
8575359
7756900
6751820
7477249
9053803
6482304
9493656
3318909
4602875
5902124
2804023
3097183
8828490
6815913
5944576
9146432
5194438
2247864
5117675
5902544
9531578
2555992
4381070
7782170
5727622
3048310
3344134
1112319
2926857
4413594
8479346
7793730
4371289
1631129
3555477
3989120
2655699
3185689
1936323
4597350
9761438
8151271
5089458
6294353
4698828
4740430
4364086
8588484
7577293
3734298
4851536
3460677
1906076
2297272
8423342
3209715
7841203
6801759
3327249
2475018
8546432
6345444
4143574
4094585
7406520
8457482
4537295
2606826
5506077
9032437
6875535
7592585
1613953
4137666
6930369
5154771
2723346
7100789
1636500
4580191
8416769
4874483
3341091
1945798
7361339
4066888
7941682
7013811
4781978
6669424
9323877
8983243
1564445
8342347
1200023
7762828
4083597
8631646
3804605
4499476
2513666
2691270
8729873
6865479
9367966
9034468
1240845
4844319
1329662
3470705
6918548
7308437
5320041
4391097
8269117
3066270
6483602
7914761
8565608
7942599
7935968
4046682
8478178
9310919
5700783
3212912
3742279
3540751
5060876
4079200
9410449
9508094
8729763
9030711
6315964
9793723
4821862
9541194
7063136
2425380
1506247
9357183
3255905
3625373
1608610
4234482
6911884
3676803
7218010
5108376
1473241
4387214
2204400
1163091
7432165
3752253
6174174
2738875
2766226
4560156
8689526
9382500
1596787
7249313
5431082
7865651
2363505
6557650
1667502
9117233
8099157
9409186
6155532
6266933
7872415
3586314
8529608
4930397
9627391
9705472
4108881
5967532
8125349
4606221
9301237
3961585
6279446
4387455
8873106
7383346
2854422
3444672
4278749
8521640
9438728
9913883
9532286
4892408
1744511
2887249
2742567
8067198
6287521
8466837
8970331
4697021
9651408
1359802
3152041
2385516
6494820
7544203
8803674
7514617
5351238
4554844
6415780
8220312
9754284
1999439
1835419
3918183
1207746
3940805
7925055
7373327
6241378
3877932
4594544
3705941
6300622
2764119
9955573
3232365
1242959
5188937
7390544
8262190
4873550
5268599
8388381
3963296
4717470
6965736
3528414
1577958
2750600
4819564
3708372
7112332
4563870
7087359
7458284
6864847
9241333
2331588
9961669
2682805
6977327
4096899
3806482
8914645
8292026
3876620
3649218
5879292
1479519
7141237
3183630
5907266
8218733
9970781
3871652
7717956
1290245
9333812
8860505
9572563
9007482
5178443
7788283
6833325
2191020
1911743
5867329
4488354
8512037
5740337
3884177
6645709
1477160
6508404
9576699
7168764
3096321
7149896
1500179
7298762
3079699
4860733
6713897
9451350
2003890
8018179
2603511
3090192
3750860
5437084
1559923
9395852
8186435
3932452
5695609
4538741
8823516
3593501
9842100
6019039
6805551
7877452
9501305
5763630
1650125
4591006
4390325
9239433
6221486
9046889
9632779
6400736
6288532
4691240
7381774
8455485
4608579
3880617
4346557
8630584
6743133
2791856
7557995
9748653
3593204
8487196
9103273
7070668
9339941
1560287
4222376
7487655
2213136
8497615
6032013
3247479
2943795
7991875
3515850
7844445
1974456
6911342
1248257
4254695
1527977
2547439
3792693
5031456
2144443
7487080
1988287
6654632
2209603
1992192
6637209
8199968
3438041
7056654
8580809
6306278
6697098
3683560
7380974
3137848
1629592
3378102
7874887
9899464
5572179
4781499
2928955
8463734
9213703
2454215
7769024
1775831
3919346
2807662
2485707
7961294
9540763
3606752
9785541
2918312
9582758
5209792
7599249
5740408
1273224
9351585
7000251
2230840
8898493
6127493
7641104
3200761
3981263
6476038
3154797
7443667
9075998
4458613
7322054
8626572
8605782
8750305
2805686
4890815
1993328
9997359
6145778
5927451
3853559
6043549
4669282
4021902
8692379
1892418
2122544
8620421
9432883
4979561
6506971
3709789
4730655
3370981
7645289
7284241
5361034
9705327
4802026
4740626
3685579
5039879
3703286
4220525
4958637
6093370
7405160
5671541
7071333
7395775
7495488
3080472
6261857
9616578
4691134
1134497
5559430
5901944
7656005
2494719
7811665
4499046
6492857
9574930
8067626
6384710
6662191
9165176
1194461
5666861
3754030
2978808
6692582
5220994
2872681
1642176
6730992
4045139
4866243
2409184
8502144
5023293
8115636
3898281
2602355
5021108
7875777
3555179
2273242
9934864
3809051
4640973
2626434
8216713
2703104
9061631
4040113
8967803
3200045
1876604
9762634
3014742
1390286
4115703
6590438
3761956
3018645
7655825
7626198
3273132
4379991
7017206
4740592
3963255
9019642
1416892
7248128
9709870
2367864
9585366
3746243
4807218
3213808
1550320
5526182
7847939
1394904
5628103
6834433
4980115
4283405
2541397
1798733
1875106
9576527
3516183
7059219
5593170
7471918
3806115
6678647
7494327
6477725
6546910
6225371
6022034
6672172
1450917
3119113
3725056
3857049
8199265
3527174
1799701
3271148
7947486
8703168
5646773
7815403
3282185
4571924
6766612
4500509
5378827
4664101
6783580
8157369
1556473
5711389
2292776
6656363
1288086
2621370
5128429
9717077
7532641
9994613
2611100
4572528
2801809
1286112
8648697
6248929
2289929
3275652
1938138
2249848
2699607
8871106
7888396
7626635
9834881
6167520
1871018
5838910
4400958
7779953
2367206
6521410
9889525
7260801
7257703
1262591
6427383
6759787
4107449
4183795
3831563
8214487
6322088
6445699
2968293
6074023
9712501
4117188
1288517
7314889
2592271
4755016
4798925
3664374
5207052
3231039
2718543
5343234
6418768
5170809
3849379
3420821
4975046
2087550
7526936
8707378
1891809
9944402
9768537
5265761
1426571
5034473
8419440
5430986
2239018
1161009
8108756
1962666
1646497
9747330
5153836
9113376
2925658
8517594
6810670
4922344
5536028
7652088
3235755
4895906
7035508
9909900
1824681
8795490
4351797
2322178
1298116
2502329
2006152
9440079
7421245
3820357
4560576
1138551
7133821
2088074
1618750
3077346
7985422
3695592
8298476
6569220
3092804
8490421
9920675
3173721
5660050
1972116
2217000
4108990
5221784
3662760
6037989
8174771
3486284
4109790
5479967
1588351
4709452
3549145
5911716
7279371
7954181
9115591
4147108
4076263
7969037
3182439
8795048
9679343
1830928
9542703
9662919
7864732
7788176
9924891
4179363
8799141
7669700
6262464
2467821
4611777
3234562
8249433
7736654
9022786
6622620
3895584
6372518
9976976
6560270
3701583
9608991
9964679
6704614
7710741
6798737
9675275
5788985
6929033
6055821
9590407
7570375
5290298
7924657
9492094
6903092
7206748
7914606
9708896
9557040
3897329
1116657
7361280
8823119
3165595
6633532
9847141
2104798
1495008
2921483
3352028
4268400
6872413
4521768
5989840
6536608
1157997
9258901
5157295
9877318
4477262
2539228
9200886
9711581
2059684
2288770
3399695
1263494
9041036
7906761
9931830
1160622
4931550
4353266
2574051
5538951
7532353
8103618
7255617
5105803
8869787
7972782
3455569
6151253
8598605
8385362
7488129
5295235
1480887
1645595
5771699
3884318
3126152
5042905
3112009
8935280
4580991
6375444
7027027
3191173
9733014
5756248
5490119
1392019
5131432
6891446
5625198
3201449
3149549
3381350
9012592
4733226
4244703
7729271
6954160
3367503
9797658
5651638
5696756
6492931
1761816
5246485
4283421
7854455
7624152
7878890
2337195
5861685
3300026
8737102
1987835
7575792
8956876
6303630
7183774
7133817
3683916
4668280
2509377
9883538
4636025
3870986
5917514
3993999
1143857
7650602
7672139
7854176
9373456
9247436
3884798
7055353
5694612
6248068
6252795
6861396
7937486
1751120
4977061
6315786
5381369
2001937
8172072
5524745
8187674
6727532
5271979
5636056
6911218
6290006
8012847
3785902
5868878
5813138
5398502
6308863
2285349
3616969
4507397
8913182
1839280
8517003
7644188
7179057
4103227
5863184
3003822
2192290
7343021
3176223
5538731
1423885
4260219
3738193
2486132
7863003
2921406
3436025
7543436
2837218
3988474
3751608
5955807
5454218
3113889
5858960
1773962
9033063
3276919
7031215
3431697
9893604
4027139
8589467
2459366
7927709
1790747
9093137
6404185
6999191
3287903
9456334
4170597
9999453
3931766
7747780
9776231
6397930
4874335
7620848
7350930
5648170
2053484
6444561
5439434
4114313
6134892
2189693
9411737
2679555
8556657
4245371
2431040
7375125
4672865
8068797
8236348
6080232
4464010
4585616
1715098
4711982
7051271
5998127
6534893
2362072
9464859
7591867
9774109
6433032
8392042
6085128
7223711
1686245
1241329
3824828
9712006
1945762
6028844
7257447
9802104
9180007
1418927
7792068
7519822
7601031
7745527
1220190
7622749
2784009
7336307
1516110
5304908
4710963
1204720
2269644
1799946
6549571
2810396
4251385
6621966
2624855
6949158
3793529
5761012
9849504
7187159
6969597
2551090
2024564
2648806
4693549
8349664
8580797
8720626
2292875
7268086
9460689
9965251
6774515
7982634
1587759
4154247
3203193
6061427
8735897
4010283
1419234
7197235
3235448
1306417
3950579
6750482
7911983
4561816
3350792
8087582
5163712
9216869
9001138
9897218
2108609
5669108
8951620
9191077
1947443
9252165
7244116
9497848
9049735
2642105
5548138
8295716
2125503
2464606
1429315
6604535
7319386
9294346
3287470
3098754
8094777
6182790
4765994
3655398
8125781
3157932
5545862
3624663
5854124
2755608
9094334
8404161
3101082
8740925
6599857
4562990
2620170
1896201
4435011
1770967
7505036
9903077
4109775
6168191
2095277
2028865
5276820
2531915
1504228
8274065
6554842
1640495
9678171
2344980
6666351
6638020
3794060
7341323
1962151
1280756
3898205
6482865
9042468
4041598
9421013
8459099
6364593
5082279
2822107
7840867
1308048
4936439
8894383
3883600
3505812
2875382
3395277
8688548
7563383
4924282
2216724
1577427
9428777
3767903
2339949
3437125
2478250
1655390
6102112
5309342
8343724
8270940
9130524
2741257
6188131
5476410
5355019
9875793
9545585
1749810
4952029
8638857
3058969
5431786
4351110
9644039
3407429
2966733
2265870
8153274
8212961
4722920
2817234
9703150
1518196
5228485
2799945
3007641
8028929
5922809
5560881
4259562
3635862
9599080
1903143
8931063
6399238
2925504
1394033
3639809
1622197
4180067
8366459
4383434
6327048
2984444
2581106
9577509
3596450
1771941
3647488
3428548
2660529
6094425
9724914
7332393
1833914
4782242
6993831
1624986
6640363
1564870
7360314
2821611
5497767
4139840
2245729
2922429
2255216
7047527
6773849
2249502
1621168
6814449
4542613
1876030
5094543
2115904
5693322
2038179
4843843
6256280
3613334
5506941
8476647
3010062
4925638
1274077
8336380
8727356
1472227
2146344
9393557
3228941
9055728
4598784
2585513
9318208
3305699
5477551
4357322
5529720
5153940
4112256
4006253
1613335
7544876
2824816
9712273
7838944
4252057
8654937
8894431
3743910
7943678
1258702
4441672
4389917
4835856
5710307
7351845
9378420
1542224
2348078
7154725
8884076
4185528
9772586
8930422
1220567
8130989
7741359
9676057
9249776
1519976
1354439
6725646
4786760
2258273
6458143
5767447
4362694
2876747
5915851
2606600
6423966
9225197
6780413
6729285
7058304
5734626
3770386
6528190
2199987
9350766
9625462
3539987
1349403
4515285
9469971
3582010
1130163
6556780
9250137
7988760
7356612
2187420
7504114
7267910
4478831
5239570
2148174
4644432
5417220
7505147
2114484
3540411
9337090
5236215
5978608
9571529
4861621
3074242
6020846
7014163
6464938
9372757
4391517
9546179
3482523
3253764
6867787
7724306
4078501
8049766
3899867
8648502
1513418
9538139
7402319
2011661
3416559
9114930
2328614
2398093
8665538
8232080
4342799
7634922
7924582
1970473
9670632
3348789
5029278
9860255
3734269
2517783
1237078
9131455
6550181
8332288
1535252
6004744
8241997
8706395
7380691
9985990
5802440
4496254
3129981
7285362
9957212
1140876
7761636
1665933
5323857
9263835
7832692
7431604
6496819
3310659
9467703
2425905
2977629
5118101
6639525
7228784
2247152
3822351
5182996
2343628
2679269
5396746
6143402
2834404
9654596
3526434
5045049
5156084
5649698
5036189
8505345
3149547
1639029
9594742
8740399
2354182
8444381
9253672
7325801
6602803
8046654
2060370
7410723
6447565
8802179
5224930
1356010
5564697
1289818
1947801
4669888
2931441
8054416
2470508
5206538
5754717
2204426
3405279
6121703
5273635
3683689
7382063
3573511
9753041
1155915
4210569
2818982
6252746
5751956
7726428
7156718
1416857
4263677
9332974
4168547
3544755
5175467
9438248
4775394
6035136
2970257
9907893
5473932
7971020
3306175
9822719
5291758
9996598
2282227
1359432
5867278
2997181
7368071
2250103
1736759
5609507
1653459
2987703
6386463
4712232
6625720
6911454
3870544
7419080
9883306
8295975
2730688
4643795
6696347
4727763
8091802
1590531
4931471
2420250
1248163
9237359
9115485
5055720
9113992
4234255
2939301
7183111
2741380
6986560
6206127
9132737
7055848
2305871
9985457
8810512
9116797
7539715
2583924
6999771
2317526
7796504
8351016
8188234
2606043
8058533
3399938
3680754
5977234
9290390
8000856
4845969
7547161
9122313
6577600
8677968
8547575
4800657
6214854
8731460
2166633
8531656
4729679
2119559
7857676
7786696
3779168
2650185
4335887
6413196
8885652
9403930
5014655
1370833
5144516
5139209
3977235
7161673
1581158
5084761
5278242
4627244
9498291
1390760
6940866
1159509
2244714
4422554
4042018
7638739
1816331
4578808
1956287
6837790
6157863
5934309
3838985
9055293
7166076
8628116
7852537
9416779
7405437
8350318
4162535
8770405
8671126
2790469
5845885
6530873
8862995
5109185
1251925
3258308
2089837
5578218
7985036
6243831
9242380
9340985
7253232
7302367
4011007
7673219
4083106
5225692
7510334
7596239
9424385
8075635
9935696
6976028
8146677
9164250
8315613
6947224
5643328
8924487
7011305
8547503
8530806
6675365
3084024
8609085
5509204
7063878
9156751
9694010
2266987
9516356
7419402
9071022
1885572
5122056
8904909
1301196
4491701
5833533
6151625
9437393
3848740
1933950
3616635
5759055
8390569
8880662
2464975
3839552
8169781
3376903
4844586
8178824
2061173
2278999
1753186
9298080
3223041
1431080
1661225
2199371
9150915
3486884
4722716
5298451
9753311
9129497
5456307
8325826
5623024
2155975
6351479
8649622
4360994
2874733
5649764
9096015
6920162
6978668
1980904
2985362
1516728
8514113
2018933
3959280
3753990
6862598
3107120
1401099
6916733
8259087
9095922
5280109
9555740
6347855
9604137
9562939
9051074
1659904
5329454
4711462
4492140
4383202
7754340
3468090
9290788
4532739
9934937
2876596
2120761
4671242
1896540
9830317
5913535
5659376
7385106
3710183
7004424
1525804
7297459
9398021
9204895
3148255
4548049
5648077
3839827
8913801
8082057
1624692
3582027
9325085
1816492
8837830
2729358
1530282
2206916
8303845
5677153
6564618
8951305
7253665
1239283
5349046
1216428
4664560
3588426
3477153
9274868
2757569
3141044
6338113
7491039
7936606
1744052
9479258
4974919
4274858
2141172
5459598
4204674
2019462
9889844
5847242
5055324
3320421
7115516
9359100
8109608
5848996
8359099
2130555
4062637
9649723
1334987
4985460
7723051
1150320
8946475
6440885
4993932
4808073
8110824
6912563
7331174
4691641
1410306
3494202
6436119
7938098
9665292
7026319
6075698
9328386
6475423
2697436
6829106
3751545
7705160
6260593
3502133
8579330
6252511
7563968
4245843
1326593
3535557
6496103
8420851
1526101
3460609
1431554
7079629
1826723
8075366
5839205
6249048
8698133
3897683
5335059
5062814
9430370
8835671
4831735
8732311
2813389
9213216
3210224
8082794
2834544
2470041
5140000
3691108
5969063
8649888
4412926
8922733
6478967
3191083
9436151
2242690
4943576
9647984
6593430
5232523
8520697
5242115
5385719
9822495
2696873
1760158
3130104
8680920
8719090
1866088
4699771
5270241
2647142
9602944
9785980
8270832
6221153
9528585
5533149
4792937
3003994
9413704
7738074
5526819
9933373
6537138
8682308
5052395
3290678
3875827
6101313
4290094
3888353
1464427
8969045
7460483
7028605
7066119
4193429
2218429
8622304
5056172
5575584
8807480
7615273
2222850
6313921
5051209
4354501
9964691
4876278
4276829
1489859
2853987
5454236
3699434
2929470
6474754
1613635
6432062
6767177
4654642
7642296
5238979
6082789
2167589
8653532
7092682
6196681
8339676
6725031
8570360
5743831
4677475
3414867
8311599
5605958
1885035
6542356
4754594
5036874
5825398
1545327
7604119
5586450
9636144
6395551
4287793
4479747
4906398
8603105
5046179
5045237
9547226
6295492
1452367
5815746
7780393
1534731
3572973
2234011
7139256
3691179
3994241
2087821
3701599
4003950
8802422
4503344
5290079
1857192
8515025
6221953
8390949
9517862
1430903
6179302
8750531
7757508
4912954
1844660
3258755
2383857
8096655
9668983
3197720
1642402
6956800
4678479
6919540
3071975
6301849
9222001
5572524
3874433
4823957
4581460
1476125
5481170
7124448
1202151
6910662
6079166
8133016
3771006
8177992
9522666
8066314
7528300
5248459
4591966
9594992
5824586
8174820
4537534
2857306
1670810
6027262
1628023
8248707
2308959
5444179
7805299
8286702
6214987
4618483
2701111
8522152
2518549
6510087
6086982
8395469
8415420
9984578
4657383
5393313
8544190
3534889
7937438
4321700
2610554
4367229
4679903
6913074
8744448
5724777
2834565
5420077
1729866
4784742
8396992
8355911
2836708
1766137
1262825
5275292
7129213
9230539
1682515
5730730
1430869
4334327
9990102
2739399
7144349
1796602
3338474
8819423
4452066
1680452
9051976
6550448
8171670
1940539
3798691
6494053
3654751
9866300
5177016
2549470
8000134
3032045
8819568
6181210
4171188
2266165
2666152
7031885
7596714
6868792
4727740
8803136
6054058
4664948
2364205
4263946
5156840
2215268
8630991
9537850
4723484
4066990
7601761
7407165
3737655
4592342
3442358
4551646
1451579
4941579
8364930
8295452
5844975
1845221
3042470
3948724
9794495
6903346
2302016
6807998
3118424
7891579
2752740
9998220
7964111
5052336
1538296
6891541
7973076
3857370
3886724
6741740
9049268
2335187
2077353
5075161
9856055
8811917
5286327
4265471
6218636
8173837
8666029
4150127
3885437
5113334
8286089
3216739
4594435
2993590
5088240
3219693
4231528
3621835
4911054
1972493
6887491
8964963
5018318
3152982
9010527
4926613
3619346
5814722
2251399
9707993
6174359
3627492
2737217
7951464
9978103
8992324
8450248
8320768
5657439
7697654
4442150
2678770
3212796
7694995
8380102
7606400
4931121
3584895
9918355
8364638
8702011
8819154
7677428
5185928
3976329
9213049
4735975
1424593
6759299
3840954
4449380
9724487
9704824
4360240
2140863
1881492
5605694
7438860
5825740
1848587
3571989
1587854
6169417
1804235
3505844
8297431
8543242
2887738
7641867
3514321
9196050
5304156
3136018
7220447
6449665
5326195
9442487
9447134
9327425
6396956
2489322
6656320
1539032
5603473
9413019
6857201
1857472
8859291
6761024
3223955
9382860
5748931
8607991
6426054
3141995
8230049
2637070
7502705
5131538
9343614
3864468
4439632
1486824
9683464
5167092
8067888
8801764
5695219
7545299
3701767
2991148
2973591
1213177
7687543
3164304
1330323
2682312
6729681
3242402
3207256
8724301
6977326
8938715
9690326
2782747
6576996
6541967
4218789
6374925
2514472
6948551
8151895
5234743
4399677
1408159
7209581
2590721
4121011
6837335
3741771
3484264
7724027
4916808
9062944
4348462
2260510
3746310
5649265
6230021
9399941
1366646
2191855
3086100
6465139
1944015
2810552
5108848
8118610
9123776
6789223
4352332
7891212
3264895
5968574
1405262
6506962
9366318
3085318
5090667
9701775
5503360
4231126
8380178
5107105
1153770
9954070
6135461
1771777
1257854
5930196
6260604
3439879
1683977
6379990
9159520
1623249
4621115
9312874
8235816
3836710
6606177
5795958
8888371
6599242
9385100
3884866
2012723
1755523
7852915
4878798
5686381
8446249
9960752
8998458
4860330
8210503
3508572
2114839
3928694
1213989
8829737
2970053
3340798
3296949
7531140
8664703
3139521
6058065
6520631
4168655
9050401
5211595
2307342
7359898
7111897
9629833
1968147
9074120
3095602
2399689
7101677
7493255
4530936
5050334
2300002
8716879
3592602
7051921
8476439
7751313
4010578
6166728
5578650
5506501
9903258
7300205
6958680
7615993
5977847
5919623
9571141
3780624
5566747
1507039
3417510
4654194
3345075
2745452
8469737
8245376
6159274
4626117
1863929
4647614
7395746
9067044
3075203
1113979
4013988
1924476
8613766
2440005
2485366
3887376
5275742
1270265
1258249
6945549
2706362
6081594
7935903
3544706
2543449
3801265
2881768
8777571
2795074
3652566
6580799
1880780
7912607
2578142
4815579
6093542
6690263
8112288
6340803
5070723
3432422
3071593
8193722
8290941
4035605
1966059
7022330
9904709
9799393
3750172
4743028
7018009
4640402
9902140
3862737
2043563
1534197
3692506
7340066
1908083
3494339
9394177
8783838
7084671
4615739
7189432
3377951
8964721
7112447
9875343
2985799
8560062
1184571
7437864
4682738
3545962
8910016
3160511
6909586
9776925
3344541
3814923
9103075
8420921
6807805
1263240
7860063
7798898
8039686
1982958
7430379
5904469
2738257
5702583
5412609
9704257
5970078
5901244
2821372
4485825
8844174
3633179
1485763
4454306
8651645
7270277
4824113
8909155
5286524
6161603
7410131
9128831
9438734
3366693
8407566
2160235
7874105
5648456
3857911
2499355
3000564
8630164
2747147
4025398
9183348
3508205
1390164
4833850
5110896
5259176
2663729
7242883
6681099
6926798
8287054
2032043
8114265
3229301
2478531
2609279
3506576
9322673
9520357
4483043
2506021
1580860
8217625
1790470
1683341
3148811
2823822
2044899
9743582
7992535
9759514
3620218
1499734
6875310
3751217
4312851
3486091
2099523
3511487
8545272
4601998
7892325
6936602
9035500
2783927
4925371
2450923
1861763
5238558
1965724
2004432
7387383
6585724
9089168
6449667
9774148
6484936
1747991
9060053
9283959
3349061
5019981
4898213
9361722
4446050
7484188
7320931
6848102
3921444
6386824
9824075
6502664
9529999
5315003
1763325
8793733
1455917
7782656
8216373
7796261
1656351
6541100
7566898
7090056
4883296
9101342
3006996
9056150
3403537
4933510
7406338
8438716
1690343
7466398
9915290
7738075
3709305
3672468
4177183
1207127
5731189
9999093
5009252
3265444
4922838
2032142
9123655
7013203
1128299
7973204
2321499
7905118
4784887
7153541
2983101
4637916
2601492
7468002
1438878
8832485
7452396
1385732
4655291
2128577
5563999
9270364
2876550
9784066
5390821
5100980
4260774
2484864
3394760
4871897
6058267
4148389
8366286
2000955
5253935
7646236
9371634
1350799
1975562
4945196
9539552
9010709
3161839
8631573
2112774
6168764
9855691
1127562
9748210
9606613
1151830
5071195
7033155
9845894
3764347
6212305
7231956
7628640
2062180
4368224
8730436
4423603
5197922
9450617
4604502
3710301
2593468
5966797
2207748
6608378
3015425
8448504
5135522
4853293
5611228
7683998
2227328
7935464
6231101
4773957
5251415
2124488
3381282
6944793
4420128
8880178
5715085
1695714
1846358
3803730
6406229
2067167
4320125
1169643
7685977
7550300
5395422
2241124
6456702
5857996
3767243
2885721
8565332
5245950
8446603
8546771
3325336
7524674
1138610
2183244
4180969
9888930
1367185
5124571
9237496
8490166
7394477
5578148
6110286
2469814
7198186
4803926
5842780
8010456
1245115
9763439
8161233
1421639
7185273
9509119
8448386
2578045
5833964
6516854
2571488
9154385
9994231
5626859
9878206
7178798
6122228
1240058
9873606
8830263
1865584
8732254
3066324
2559937
2754272
6058840
8787889
7326050
4707860
4150186
3291219
9508445
5811466
2011616
4545476
1188859
9887022
7596114
3421537
4453833
5841553
8547454
6552492
3715016
4862876
3950690
2676678
4660259
1984343
7562681
1759430
2817253
3070961
8173537
9296522
5993475
5570205
6811426
8115696
5466775
3646662
8476540
6918830
3855397
7622891
2025908
1623991
3302996
8884777
7063336
7034723
8624612
5638734
9648537
3229365
3651538
3119859
3983963
2947543
6048533
9421132
9212796
9335269
3827507
5510756
2952087
7594519
3714329
2547841
6262146
7451449
5594512
3709128
4649737
7720768
1404499
8823857
6216424
2692566
9445738
1427006
7811410
9524316
3442983
5584520
6015539
2882665
6151571
6788631
5707863
9900507
5928755
9107781
5424999
3178750
1361187
2257451
3896008
2238189
1341762
7348247
2849390
3698266
3757749
1993889
9893281
4213688
3529907
2031026
2858117
4519632
8024173
9520120
1680733
2599344
1199690
7864741
2730005
4055671
1304552
8559415
8693923
7922117
4605424
3228061
5345145
7357679
2865481
7242624
5633373
7933369
1909172
4277764
5726511
7752040
3769983
5621760
5335095
9180977
9904305
5244818
5238405
6582822
5641208
3247520
6919977
3048861
9181287
7276848
8070298
3133593
7647846
7523695
5368935
2351395
9193662
9455968
5900045
6321977
3780631
8401333
8928552
7933465
1719309
7464159
4114697
9942853
2700605
1171059
3633440
7623278
2725047
5662751
4506143
8737866
5805244
2021791
9732344
2279607
9515862
9066029
9257697
1185327
2253958
7770477
5893981
4739642
2111462
5581732
8759561
3201201
9908251
8456894
2498817
3126293
9445081
9943095
7435160
9119162
1179729
6547991
1230242
9279237
2139762
5709930
1877355
8175669
9925667
9862602
9414028
2934410
9447635
8939778
9128987
1524990
3878807
6764309
4667958
4776165
5643222
9633325
5718525
5989626
5121707
4977882
4883149
7900978
8529619
8035123
1114978
4826787
6018686
6497621
1911408
5683603
5601324
3647853
2426611
8053248
2150954
4597967
4825764
6497565
2380869
7355313
5048243
3762801
6923521
5108045
5429447
1821319
9969932
5875366
8381341
8840240
4520565
3339294
6387603
7184218
4327579
5154451
5536278
2109169
2103621
4621213
9298943
1964654
2813506
1597727
6409215
4326855
9348290
8283885
4791889
2981029
7112413
6489854
2295908
1336361
7627525
5069647
9721979
6114404
7930054
